,country,year,electricity_generation,biofuel_electricity,coal_electricity,gas_electricity,hydro_electricity,nuclear_electricity,oil_electricity,population,gdp,solar_electricity,wind_electricity,energy_per_capita,Renewable_en_electricity,Fossil_en_electricity,Alternative_en_electricity,Renewable_per_Capita,Fossil_per_Capita,Alternative_per_Capita,Nuclear_per_Capita
1682,Belgium,2019,90.303,5.217,0.091,25.158,0.306,42.417,3.873,11539000.0,448000000000.0,3.879,9.362,65302.717,13.241,29.122000000000003,5.523,0.0011474997833434439,0.002523788889851807,0.0004786376635756998,0.0036759684548054424
5744,France,2019,564.97,8.335,4.413,37.588,57.285,398.942,11.631,65130000.0,2600000000000.0,12.569,33.599,41281.299,46.168,53.632000000000005,65.62,0.0007088592046675879,0.0008234607707661601,0.0010075234147090436,0.006125318593582067
6133,Germany,2019,603.9,50.2,171.5,90.5,19.7,75.1,24.4,83517000.0,3920000000000.0,46.4,125.9,43703.379,172.3,286.4,69.9,0.0020630530311194126,0.003429241950740568,0.0008369553504077015,0.000899218123256343
8049,Italy,2019,290.153,19.125,19.668,137.456,46.877,0.0,15.951,60550000.0,2130000000000.0,24.67,20.319,29239.012,44.989000000000004,173.075,66.00200000000001,0.0007430057803468209,0.002858381502890173,0.0010900412881915775,0.0
8896,Lithuania,2019,3.106,0.568,0.0,0.469,0.353,0.0,0.197,2760000.0,75063795712.0,0.09,1.428,24641.049,1.518,0.6659999999999999,0.9209999999999999,0.00055,0.0002413043478260869,0.00033369565217391303,0.0
10689,Netherlands,2019,121.568,5.798,17.715,71.448,0.074,3.91,5.779,17097000.0,839000000000.0,5.32,11.523,57046.584,16.843,94.942,5.872,0.0009851435924431186,0.00555313797742294,0.0003434520676142013,0.00022869509270632274
12823,Poland,2019,162.627,6.813,118.854,14.53,1.928,0.0,4.738,37888000.0,1000000000000.0,0.725,15.039,31355.418,15.764,138.12199999999999,8.741,0.00041606841216216216,0.003645534206081081,0.00023070629222972974,0.0
13265,Romania,2019,59.457,0.518,13.606,9.13,15.655,11.279,0.705,19365000.0,409000000000.0,1.796,6.768,19665.135,8.564,23.441,16.173,0.0004422411567260522,0.0012104828298476634,0.0008351665375677768,0.0005824425509940614
14572,Spain,2019,271.518,5.882,12.25,84.101,24.909,58.448,16.411,46737000.0,1480000000000.0,15.147,54.369,34004.435,69.516,112.762,30.790999999999997,0.0014873868669362605,0.0024126922994629524,0.0006588142157177396,0.001250572351669983
16071,Ukraine,2019,142.851,0.285,43.967,8.369,7.687,78.144,1.939,43994000.0,429000000000.0,0.998,1.462,21501.22,2.46,54.275,7.972,5.5916715915806704e-05,0.0012336909578578898,0.0001812065281629313,0.0017762422148474791
16247,United Kingdom,2019,319.515,33.968,6.941,131.276,5.858,57.176,6.788,67530000.0,2580000000000.0,12.97,64.527,32249.735,77.497,145.00500000000002,39.826,0.0011475936620761143,0.002147267880941804,0.0005897527025025914,0.0008466755516066933
